finding state close to 0.05849093
found timestamp close 0.063885463
creating aruco with id 21 at index 1: [9.07871435370296, -2.66504628715069, 0.251329790742293]'
creating aruco with id 1 at index 1: [3.98113702037875, 2.98172885693703, 0.350837010210647]'
creating aruco with id 301 at index 1: [10.5974572578668, 2.90977673724999, 0.468910026157635]'

starting optimization at index = 3

guess state guesses
Values with 12 values:
Value (a1): -46.0118824474512  2.91147548999458  1.61459213900969
Value (a2): -46.0118824474512  2.91147548999458  1.61459213900969
Value (a3): -46.0118824474512  2.91147548999458  1.61459213900969
Value (a4): -46.0118824474512  2.91147548999458  1.61459213900969
Value (a21):  -41.024951571179 -2.82413669529236  1.95302851280106
Value (a22):  -41.024951571179 -2.82413669529236  1.95302851280106
Value (a23):  -41.024951571179 -2.82413669529236  1.95302851280106
Value (a24):  -41.024951571179 -2.82413669529236  1.95302851280106
Value (a301): -39.4331074463721  2.72324795853261  2.30676387434152
Value (a302): -39.4331074463721  2.72324795853261  2.30676387434152
Value (a303): -39.4331074463721  2.72324795853261  2.30676387434152
Value (a304): -39.4331074463721  2.72324795853261  2.30676387434152

incremental graph with error
NonlinearFactorGraph: size: 24

Factor 0: PriorFactor on a21
  prior mean: [-41.024951571179, -2.82413669529236, 1.95302851280106]'
isotropic dim=3 sigma=10
error = 0

Factor 1: PriorFactor on a22
  prior mean: [-41.024951571179, -2.82413669529236, 1.95302851280106]'
isotropic dim=3 sigma=10
error = 0

Factor 2: PriorFactor on a23
  prior mean: [-41.024951571179, -2.82413669529236, 1.95302851280106]'
isotropic dim=3 sigma=10
error = 0

Factor 3: PriorFactor on a24
  prior mean: [-41.024951571179, -2.82413669529236, 1.95302851280106]'
isotropic dim=3 sigma=10
error = 0

Factor 4: GenericProjectionFactor, z = (1178.51428222656, 455.401123046875)
  sensor pose in body frame: R:
[
               0.70710743279     0.18301072821308    -0.68301258057444;
        9.41735240005213e-07     0.96592626691526     0.25881740815578;
            0.70710615317868    -0.18301236057786      0.6830134699467
  ]
[0.171, 0.03, -0.07]';  keys = { x1 a21 }
isotropic dim=2 sigma=10
error = 0.00094744375682039
Got pose into MPPI Time:0.180909179
12198.9743594175

Factor 5: GenericProjectionFactor, z = (1255.49328613281, 454.691253662109)
  sensor pose in body frame: R:
[
               0.70710743279     0.18301072821308    -0.68301258057444;
        9.41735240005213e-07     0.96592626691526     0.25881740815578;
            0.70710615317868    -0.18301236057786      0.6830134699467
  ]
[0.171, 0.03, -0.07]';  keys = { x1 a22 }
isotropic dim=2 sigma=10
error = 12198.9743594175

Factor 6: GenericProjectionFactor, z = (1263.58813476562, 503.598114013672)
  sensor pose in body frame: R:
[
               0.70710743279     0.18301072821308    -0.68301258057444;
        9.41735240005213e-07     0.96592626691526     0.25881740815578;
            0.70710615317868    -0.18301236057786      0.6830134699467
  ]
[0.171, 0.03, -0.07]';  keys = { x1 a23 }
isotropic dim=2 sigma=10
error = 12198.9743594175

Factor 7: GenericProjectionFactor, z = (1185.19299316406, 502.003753662109)
  sensor pose in body frame: R:
[
               0.70710743279     0.18301072821308    -0.68301258057444;
        9.41735240005213e-07     0.96592626691526     0.25881740815578;
            0.70710615317868    -0.18301236057786      0.6830134699467
  ]
[0.171, 0.03, -0.07]';  keys = { x1 a24 }
isotropic dim=2 sigma=10
error = 12198.9743594175

0.000941522708465428
Factor 8: PriorFactor on a1
  prior mean: [-46.0118824474512, 2.91147548999458, 1.61459213900969]'
isotropic dim=3 sigma=10
error = 0

Factor 9: PriorFactor on a2
  prior mean: [-46.0118824474512, 2.91147548999458, 1.61459213900969]'
isotropic dim=3 sigma=10
error = 0

Factor 10: PriorFactor on a3
  prior mean: [-46.0118824474512, 2.91147548999458, 1.61459213900969]'
isotropic dim=3 sigma=10
error = 0

Factor 11: PriorFactor on a4
  prior mean: [-46.0118824474512, 2.91147548999458, 1.61459213900969]'
isotropic dim=3 sigma=10
error = 0

Factor 12: GenericProjectionFactor, z = (524.998352050781, 425.133697509766)
  sensor pose in body frame: R:
[
               0.70710743279     0.18301072821308    -0.68301258057444;
        9.41735240005213e-07     0.96592626691526     0.25881740815578;
            0.70710615317868    -0.18301236057786      0.6830134699467
  ]
[0.171, 0.03, -0.07]';  keys = { x1 a1 }
isotropic dim=2 sigma=10
error = 12198.9743594175

Factor 13: GenericProjectionFactor, z = (583.6171875, 419.4033203125)
  sensor pose in body frame: R:
[
               0.70710743279     0.18301072821308    -0.68301258057444;
        9.41735240005213e-07     0.96592626691526     0.25881740815578;
            0.70710615317868    -0.18301236057786      0.6830134699467
  ]
[0.171, 0.03, -0.07]';  keys = { x1 a2 }
isotropic dim=2 sigma=10
error = 12198.9743594175

Factor 14: GenericProjectionFactor, z = (584.870666503906, 492.718719482422)
  sensor pose in body frame: R:
[
               0.70710743279     0.18301072821308    -0.68301258057444;
        9.41735240005213e-07     0.96592626691526     0.25881740815578;
            0.70710615317868    -0.18301236057786      0.6830134699467
  ]
[0.171, 0.03, -0.07]';  keys = { x1 a3 }
isotropic dim=2 sigma=10
error = 12198.9743594175

Factor 15: GenericProjectionFactor, z = (526.614685058594, 492.970031738281)
  sensor pose in body frame: R:
[
               0.70710743279     0.18301072821308    -0.68301258057444;
        9.41735240005213e-07     0.96592626691526     0.25881740815578;
            0.70710615317868    -0.18301236057786      0.6830134699467
  ]
[0.171, 0.03, -0.07]';  keys = { x1 a4 }
isotropic dim=2 sigma=10
error = 12198.9743594175

Factor 16: PriorFactor on a301
  prior mean: [-39.4331074463721, 2.72324795853261, 2.30676387434152]'
isotropic dim=3 sigma=10
error = 0

Factor 17: PriorFactor on a302
  prior mean: [-39.4331074463721, 2.72324795853261, 2.30676387434152]'
isotropic dim=3 sigma=10
error = 0

Factor 18: PriorFactor on a303
  prior mean: [-39.4331074463721, 2.72324795853261, 2.30676387434152]'
isotropic dim=3 sigma=10
error = 0

Factor 19: PriorFactor on a304
  prior mean: [-39.4331074463721, 2.72324795853261, 2.30676387434152]'
isotropic dim=3 sigma=10
error = 0

Factor 20: GenericProjectionFactor, z = (755.75341796875, 463.460998535156)
  sensor pose in body frame: R:
[
               0.70710743279     0.18301072821308    -0.68301258057444;
        9.41735240005213e-07     0.96592626691526     0.25881740815578;
            0.70710615317868    -0.18301236057786      0.6830134699467
  ]
[0.171, 0.03, -0.07]';  keys = { x1 a301 }
isotropic dim=2 sigma=10
error = 12198.9743594175

Factor 21: GenericProjectionFactor, z = (787.643310546875, 462.214599609375)
  sensor pose in body frame: R:
[
               0.70710743279     0.18301072821308    -0.68301258057444;
        9.41735240005213e-07     0.96592626691526     0.25881740815578;
            0.70710615317868    -0.18301236057786      0.6830134699467
  ]
[0.171, 0.03, -0.07]';  keys = { x1 a302 }
isotropic dim=2 sigma=10
error = 12198.9743594175

Factor 22: GenericProjectionFactor, z = (786.542663574219, 493.031646728516)
  sensor pose in body frame: R:
[
               0.70710743279     0.18301072821308    -0.68301258057444;
        9.41735240005213e-07     0.96592626691526     0.25881740815578;
            0.70710615317868    -0.18301236057786      0.6830134699467
  ]
[0.171, 0.03, -0.07]';  keys = { x1 a303 }
isotropic dim=2 sigma=10
error = 12198.9743594175

Factor 23: GenericProjectionFactor, z = (755.502624511719, 493.034271240234)
  sensor pose in body frame: R:
[
               0.70710743279     0.18301072821308    -0.68301258057444;
        9.41735240005213e-07     0.96592626691526     0.25881740815578;
            0.70710615317868    -0.18301236057786      0.6830134699467
  ]
[0.171, 0.03, -0.07]';  keys = { x1 a304 }
isotropic dim=2 sigma=10
error = 12198.9743594175

0.00092782204637665
0.000909298908836831
Got pose into MPPI Time:0.198792882


ARUCO POSITIONS


finding state close to 0.05849093
found timestamp close 0.063885463
finding state close to 0.052893348
found timestamp close 0.063885463
creating aruco with id 11 at index 1: [4.10610763227, -3.05677925861291, 0.372396584655898]'
0.00090397468657575
0.000898916145321564
Aruco with id 30: -39.4331074463721  2.72324795853261  2.30676387434152
Aruco with id 2:  -41.024951571179 -2.82413669529236  1.95302851280106
Aruco with id 0: -46.0118824474512  2.91147548999458  1.61459213900969

Optimization Results:

Reelimintated: 21
Relinearized: 14
Error Before: -1
Error After : -1
optimizationIterations: 5
optimizationTime: 0.00758797
optimizationTimeAvg: 0.0085130588

current position guess

|0.997149749644925, 0.0208983485026396, -0.0724957641033327|
|-0.020908351205413, 0.999781203677246, 0.000620985948995952|
|0.072492879877509, 0.000896550913202922, 0.997368526956573|

[-49.9994006526934, 1.53932324129628e-05, 0.869965225536139]';


current velocity guess =  -0.0173110850663001 0.000290573310195408    -1.01008242906123



0.000890264922476433

